0 0.146836 0.385917 0.128516 0.124750
0 0.267656 0.383573 0.100719 0.129437
0 0.399875 0.386646 0.168812 0.148875
0 0.543117 0.384344 0.185641 0.144104
0 0.144414 0.491094 0.121484 0.102104
0 0.264016 0.491990 0.115281 0.100313
0 0.387195 0.498469 0.131078 0.103563
0 0.540047 0.505656 0.148188 0.131229
0 0.716625 0.324521 0.117594 0.108417
0 0.831367 0.319573 0.128641 0.121521
0 0.718391 0.425646 0.118938 0.100333
0 0.832523 0.422333 0.128516 0.097250
0 0.540719 0.263760 0.146844 0.123146
0 0.505648 0.924969 0.220234 0.252771
0 0.742781 0.932802 0.225719 0.134396
0 0.935711 0.937740 0.128578 0.124521
0 0.405883 0.238677 0.115297 0.092396
